{
  "advancedEditorSelectedIdentifier" : "ProjectBrowser",
  "openSceneRelativePaths" : [
    "Immersive.usda",
    "Scene.usd",
    "UFO.usd"
  ],
  "recentIdentifiers" : {
    "7654B895-E1E4-44D5-BB8C-E2E1AEFCC2B1" : [

    ],
    "D66134B1-3681-4A8E-AFE5-29F257229F3B" : [

    ]
  },
  "sceneCameraHistory" : {
    "0AEE2F1E-5063-44F3-A967-8DAF8909EE7F" : [
      {
        "date" : 731059978.579375,
        "title" : "Untitled",
        "transform" : [
          0.36481652,
          -7.880577e-11,
          0.93107945,
          0,
          0.47452846,
          0.8603794,
          -0.1859302,
          0,
          -0.80108154,
          0.5096541,
          0.31388056,
          0,
          -0.43029737,
          0.11691016,
          0.1475355,
          1
        ]
      },
      {
        "date" : 731059956.487915,
        "title" : "Untitled",
        "transform" : [
          0.36481652,
          -7.880577e-11,
          0.93107945,
          0,
          0.47452846,
          0.8603794,
          -0.1859302,
          0,
          -0.80108154,
          0.5096541,
          0.31388056,
          0,
          -1.3833419,
          0.7232443,
          0.52095836,
          1
        ]
      },
      {
        "date" : 731059952.408905,
        "title" : "Untitled",
        "transform" : [
          1,
          0,
          -0,
          0,
          -0,
          0.8660249,
          -0.5000008,
          0,
          0,
          0.5000008,
          0.8660249,
          0,
          -0.053919666,
          2.1709485,
          3.6219387,
          1
        ]
      }
    ],
    "6935FF98-98F6-4086-86D0-C7C6A2D8467D" : [
      {
        "date" : 731061676.054963,
        "title" : "Untitled",
        "transform" : [
          -0.4719991,
          -7.0514355e-10,
          0.881599,
          0,
          -0.1369248,
          0.9878651,
          -0.07330815,
          0,
          -0.8709009,
          -0.15531407,
          -0.46627152,
          0,
          -0.7958527,
          0.13883929,
          -0.59120065,
          1
        ]
      },
      {
        "date" : 731061668.310128,
        "title" : "Untitled",
        "transform" : [
          1,
          0,
          -0,
          0,
          -0,
          0.8722979,
          -0.48897484,
          0,
          0,
          0.48897484,
          0.8722979,
          0,
          0.00017583369,
          1.0689332,
          1.5929062,
          1
        ]
      }
    ],
    "7654B895-E1E4-44D5-BB8C-E2E1AEFCC2B1" : [
      {
        "date" : 731062497.358426,
        "title" : "Untitled",
        "transform" : [
          -0.97555995,
          -3.695515e-09,
          0.21973354,
          0,
          0.14060727,
          0.76845866,
          0.62426037,
          0,
          -0.16885641,
          0.6398992,
          -0.7496777,
          0,
          -639.86383,
          2158.3323,
          -2484.8594,
          1
        ]
      },
      {
        "date" : 731062349.691869,
        "title" : "Untitled",
        "transform" : [
          -0.97555995,
          -3.695515e-09,
          0.21973354,
          0,
          0.14060727,
          0.76845866,
          0.62426037,
          0,
          -0.16885641,
          0.6398992,
          -0.7496777,
          0,
          -1269.1809,
          2840.0076,
          -1761.2583,
          1
        ]
      },
      {
        "date" : 731062346.693282,
        "title" : "Untitled",
        "transform" : [
          -0.95753175,
          -2.1124777e-09,
          0.28832784,
          0,
          -0.0050743828,
          0.99984515,
          -0.016851556,
          0,
          -0.2882834,
          -0.017599404,
          -0.95738345,
          0,
          -1820.7285,
          -37.27195,
          -2780.247,
          1
        ]
      },
      {
        "date" : 731062345.412897,
        "title" : "Untitled",
        "transform" : [
          -0.95753175,
          -2.1124777e-09,
          0.28832784,
          0,
          -0.0050743828,
          0.99984515,
          -0.016851556,
          0,
          -0.2882834,
          -0.017599404,
          -0.95738345,
          0,
          -3313.7466,
          -69.769745,
          -6181.503,
          1
        ]
      },
      {
        "date" : 731062336.468088,
        "title" : "Untitled",
        "transform" : [
          0.4923799,
          2.3012774e-09,
          -0.8703804,
          0,
          -0.5826834,
          0.7428496,
          -0.32962793,
          0,
          0.64656204,
          0.66945803,
          0.3657641,
          0,
          30458.912,
          24774.367,
          -205.20131,
          1
        ]
      },
      {
        "date" : 731062327.995745,
        "title" : "Untitled",
        "transform" : [
          -0.6616797,
          9.063028e-09,
          -0.7497867,
          0,
          0.67949516,
          0.42273903,
          -0.59964824,
          0,
          0.31696367,
          -0.90625155,
          -0.27971783,
          0,
          662.84375,
          -3493.9617,
          -2294.7202,
          1
        ]
      },
      {
        "date" : 731062317.883122,
        "title" : "Untitled",
        "transform" : [
          -0.3278598,
          4.5783817e-09,
          -0.9447264,
          0,
          -0.32674184,
          0.9382866,
          0.113393165,
          0,
          0.8864242,
          0.34585842,
          -0.30762666,
          0,
          0.8979766,
          0.44979462,
          -0.29017863,
          1
        ]
      },
      {
        "date" : 731062285.34154,
        "title" : "Untitled",
        "transform" : [
          -0.32785976,
          4.5783812e-09,
          -0.9447263,
          0,
          -0.32674184,
          0.9382866,
          0.113393165,
          0,
          0.8864242,
          0.34585842,
          -0.30762666,
          0,
          0.30641454,
          0.23553574,
          -0.056155264,
          1
        ]
      },
      {
        "date" : 731062134.135973,
        "title" : "Untitled",
        "transform" : [
          0.019833794,
          1.289989e-09,
          -0.99980325,
          0,
          -0.1300349,
          0.99150604,
          -0.002579597,
          0,
          0.9913111,
          0.13006017,
          0.01966516,
          0,
          0.33709776,
          0.16476,
          0.051775947,
          1
        ]
      },
      {
        "date" : 731061957.943783,
        "title" : "Untitled",
        "transform" : [
          0.019833794,
          1.289989e-09,
          -0.99980325,
          0,
          -0.1300349,
          0.99150604,
          -0.002579597,
          0,
          0.99131095,
          0.13006015,
          0.019665157,
          0,
          1.1101072,
          0.27335685,
          0.17678837,
          1
        ]
      }
    ],
    "AF09ED6F-1707-48FD-8720-65B998362C09" : [
      {
        "date" : 731059035.940344,
        "title" : "Untitled",
        "transform" : [
          1,
          0,
          -0,
          0,
          -0,
          0.8660249,
          -0.5000008,
          0,
          0,
          0.5000008,
          0.8660249,
          0,
          0,
          3.3664951,
          3.713602,
          1
        ]
      }
    ],
    "D66134B1-3681-4A8E-AFE5-29F257229F3B" : [
      {
        "date" : 731059751.819365,
        "title" : "Untitled",
        "transform" : [
          -0.5835706,
          2.610443e-08,
          -0.8120624,
          0,
          -0.3072262,
          0.92567146,
          0.22078125,
          0,
          0.75170296,
          0.37832832,
          -0.5401946,
          0,
          0.62833697,
          0.5530047,
          -0.5075665,
          1
        ]
      },
      {
        "date" : 731059561.617697,
        "title" : "Untitled",
        "transform" : [
          0.99019414,
          -1.5045534e-09,
          -0.13969801,
          0,
          -0.07019647,
          0.8645841,
          -0.49756068,
          0,
          0.1207807,
          0.502488,
          0.85610616,
          0,
          0.074857935,
          0.24945205,
          1.3423381,
          1
        ]
      },
      {
        "date" : 731059558.187,
        "title" : "Untitled",
        "transform" : [
          0.5630162,
          -1.1263808e-09,
          0.8264459,
          0,
          0.49190688,
          0.80357194,
          -0.33511138,
          0,
          -0.66410875,
          0.5952076,
          0.45242402,
          0,
          -1.9419158,
          0.8679084,
          1.1634641,
          1
        ]
      },
      {
        "date" : 731059555.22852,
        "title" : "Untitled",
        "transform" : [
          0.75576395,
          -1.1263808e-09,
          0.65484416,
          0,
          0.38976827,
          0.80357194,
          -0.4498363,
          0,
          -0.5262144,
          0.5952076,
          0.6073107,
          0,
          -1.5813652,
          0.8679084,
          1.6074098,
          1
        ]
      },
      {
        "date" : 731059151.316028,
        "title" : "Untitled",
        "transform" : [
          0.7642372,
          8.872675e-09,
          0.64493513,
          0,
          0.60745406,
          0.3359386,
          -0.7198227,
          0,
          -0.21665864,
          0.94188386,
          0.2567368,
          0,
          -0.02877229,
          0.124980204,
          0.034094673,
          1
        ]
      },
      {
        "date" : 731059035.966765,
        "title" : "Untitled",
        "transform" : [
          0.99999994,
          0,
          -0,
          0,
          -0,
          0.8660254,
          -0.49999988,
          0,
          0,
          0.49999988,
          0.8660254,
          0,
          0,
          0.19334595,
          0.33508506,
          1
        ]
      }
    ]
  },
  "selectedSceneRelativePath" : "UFO.usd"
}